0 0.000 0.000 1.000 1.000 0.100 0.400
90 0 0 0 0 0 
0 0 0 0 0 0 
0 0 0 0 0 0 
0 0 9 0 0 1 
1 0.050 0.050 1.000 1.000 0.145 0.100
90 9 0 0 1 0 
0 0 0 0 0 0 
0 0 0 0 0 0 
0 0 0 0 0 0 
2 0.050 0.050 1.000 1.000 0.145 0.400
90 0 0 0 0 0 
0 0 0 0 0 0 
0 0 0 0 0 0 
0 0 9 0 0 1 
3 0.000 0.000 1.000 1.000 0.104 0.400
90 0 0 0 0 0 
0 0 0 0 0 0 
0 0 0 0 0 0 
0 0 9 0 0 1 
4 0.000 0.000 1.000 1.000 0.101 0.310
90 3 0 0 0 0 
0 0 0 0 0 0 
0 0 0 0 0 0 
0 0 6 0 0 1 
5 0.000 0.000 1.000 1.000 0.102 0.190
93 3 0 1 0 0 
0 0 0 0 0 0 
0 0 0 0 0 0 
0 0 3 0 0 0 
6 0.050 0.050 1.000 1.000 0.145 0.100
90 9 0 0 1 0 
0 0 0 0 0 0 
0 0 0 0 0 0 
0 0 0 0 0 0 
7 0.050 0.050 1.000 1.000 0.149 0.120
91 7 0 0 1 0 
0 0 0 0 0 0 
0 1 0 0 0 0 
0 0 0 0 0 0 
8 0.000 0.000 1.000 1.000 0.104 0.400
90 0 0 0 0 0 
0 0 0 0 0 0 
0 0 0 0 0 0 
0 0 9 0 0 1 
9 0.000 0.000 1.000 1.000 0.103 0.100
96 3 0 1 0 0 
0 0 0 0 0 0 
0 0 0 0 0 0 
0 0 0 0 0 0 
10 0.000 0.000 1.000 1.000 0.105 0.110
97 1 0 1 0 0 
1 0 0 0 0 0 
0 0 0 0 0 0 
0 0 0 0 0 0 
11 0.000 0.000 1.000 1.000 0.105 0.100
99 0 0 1 0 0 
0 0 0 0 0 0 
0 0 0 0 0 0 
0 0 0 0 0 0 
12 0.050 0.050 1.000 1.000 0.145 0.100
90 9 0 0 1 0 
0 0 0 0 0 0 
0 0 0 0 0 0 
0 0 0 0 0 0 
13 0.000 0.000 1.000 1.000 0.101 0.100
92 7 0 1 0 0 
0 0 0 0 0 0 
0 0 0 0 0 0 
0 0 0 0 0 0 
14 0.000 0.000 1.000 1.000 0.104 0.100
97 2 0 1 0 0 
0 0 0 0 0 0 
0 0 0 0 0 0 
0 0 0 0 0 0 
15 0.000 0.000 1.000 1.000 0.102 0.120
93 5 0 1 0 0 
0 0 0 0 0 0 
0 1 0 0 0 0 
0 0 0 0 0 0 
16 0.050 0.100 1.000 1.000 0.161 0.170
94 2 0 0 1 0 
1 0 0 0 0 0 
0 0 0 0 0 0 
1 0 1 0 0 0 
17 0.000 0.000 1.000 1.000 0.100 0.210
90 6 0 0 0 0 
0 0 0 0 0 0 
0 1 0 0 0 0 
0 0 2 0 0 1 
18 0.000 0.000 1.000 1.000 0.105 0.250
94 0 0 1 0 0 
0 0 0 0 0 0 
0 0 0 0 0 0 
0 0 5 0 0 0 
19 0.000 0.000 1.000 1.000 0.102 0.100
92 7 0 1 0 0 
0 0 0 0 0 0 
0 0 0 0 0 0 
0 0 0 0 0 0 
20 0.000 0.000 1.000 1.000 0.106 0.170
95 1 0 1 0 0 
0 1 0 0 0 0 
0 0 0 0 0 0 
0 0 2 0 0 0 
21 0.000 0.050 1.000 1.000 0.111 0.170
96 1 0 0 0 0 
0 1 0 0 0 0 
0 0 0 0 0 0 
0 0 1 0 0 1 
22 0.000 0.050 1.000 1.000 0.111 0.140
96 2 0 0 0 0 
0 1 0 0 0 0 
0 0 0 0 0 0 
0 0 0 0 0 1 
23 0.050 0.100 1.000 1.000 0.156 0.180
96 0 0 0 0 0 
0 2 0 0 0 0 
0 0 0 0 0 0 
0 0 1 0 0 1 
24 0.050 0.100 1.000 1.000 0.160 0.140
94 3 0 0 1 0 
1 0 0 0 0 0 
0 0 0 0 0 0 
0 0 1 0 0 0 
25 0.050 0.100 1.000 1.000 0.161 0.160
97 1 0 0 0 0 
0 0 0 0 0 0 
0 0 0 0 0 0 
0 1 0 0 0 1 
26 0.000 0.050 1.000 1.000 0.111 0.140
96 2 0 0 0 0 
0 1 0 0 0 0 
0 0 0 0 0 0 
0 0 0 0 0 1 
27 0.050 0.100 1.000 1.000 0.156 0.170
96 1 0 0 0 0 
0 1 0 0 0 0 
0 0 0 0 0 0 
0 1 0 0 0 1 
28 0.050 0.100 1.000 1.000 0.156 0.140
96 2 0 0 0 0 
0 1 0 0 0 0 
0 0 0 0 0 0 
0 0 0 0 0 1 
29 0.000 0.050 1.000 1.000 0.111 0.160
96 2 0 0 0 0 
0 0 0 0 0 0 
0 0 0 0 0 0 
0 1 0 0 0 1 
30 0.050 0.100 1.000 1.000 0.156 0.100
96 3 0 0 1 0 
0 0 0 0 0 0 
0 0 0 0 0 0 
0 0 0 0 0 0 
31 0.050 0.100 1.000 1.000 0.161 0.160
96 1 0 0 1 0 
0 0 0 0 0 0 
0 0 0 0 0 0 
0 1 1 0 0 0 
32 0.050 0.100 1.000 1.000 0.160 0.100
96 3 0 0 1 0 
0 0 0 0 0 0 
0 0 0 0 0 0 
0 0 0 0 0 0 
33 0.050 0.100 1.000 1.000 0.169 0.130
97 1 0 0 1 0 
0 0 0 0 0 0 
0 0 0 0 0 0 
0 0 1 0 0 0 
34 0.050 0.100 1.000 1.000 0.160 0.110
96 2 0 0 1 0 
0 1 0 0 0 0 
0 0 0 0 0 0 
0 0 0 0 0 0 
35 0.050 0.100 1.000 1.000 0.161 0.100
97 2 0 0 1 0 
0 0 0 0 0 0 
0 0 0 0 0 0 
0 0 0 0 0 0 
36 0.050 0.100 1.000 1.000 0.160 0.110
96 2 0 0 1 0 
0 1 0 0 0 0 
0 0 0 0 0 0 
0 0 0 0 0 0 
37 0.050 0.100 1.000 1.000 0.160 0.110
96 2 0 0 1 0 
0 1 0 0 0 0 
0 0 0 0 0 0 
0 0 0 0 0 0 
38 0.050 0.100 1.000 1.000 0.161 0.100
97 2 0 0 1 0 
0 0 0 0 0 0 
0 0 0 0 0 0 
0 0 0 0 0 0 
39 0.050 0.100 1.000 1.000 0.156 0.130
96 3 0 0 0 0 
0 0 0 0 0 0 
0 0 0 0 0 0 
0 0 0 0 0 1 
